Agreeableness,Conscientiousness,Extraversion,Neuroticism,Openness
0.228198230266571,0.0108841387555003,0.2451881915330887,0.2229744493961334,0.292754977941513
0.2451881617307663,0.2229744493961334,0.228198230266571,0.0108841387555003,0.292754977941513
0.2451881617307663,0.2229744493961334,0.228198230266571,0.0108841387555003,0.292754977941513
0.2451881915330887,0.2229744493961334,0.228198230266571,0.0108841387555003,0.292754977941513
0.2451881915330887,0.2229744493961334,0.228198230266571,0.0108841387555003,0.292754977941513
0.2451881915330887,0.2229744493961334,0.228198230266571,0.0108841387555003,0.292754977941513
0.2451881915330887,0.2229744493961334,0.228198230266571,0.0108841387555003,0.292754977941513
0.2451881617307663,0.2229744493961334,0.228198230266571,0.0108841387555003,0.292754977941513
0.2451881915330887,0.2229744493961334,0.228198230266571,0.0108841387555003,0.292754977941513
0.2451881915330887,0.2229744493961334,0.228198230266571,0.0108841387555003,0.292754977941513
0.2451881915330887,0.2229744493961334,0.228198230266571,0.0108841387555003,0.292754977941513
0.2451881617307663,0.2229744493961334,0.228198230266571,0.0108841387555003,0.292754977941513
0.2451881617307663,0.2229744493961334,0.228198230266571,0.0108841387555003,0.292754977941513
0.2451881617307663,0.2229744493961334,0.228198230266571,0.0108841387555003,0.292754977941513
0.2451881617307663,0.2229744493961334,0.228198230266571,0.0108841387555003,0.292754977941513
0.2451881617307663,0.2229744493961334,0.228198230266571,0.0108841387555003,0.292754977941513
0.2451881915330887,0.2229744493961334,0.228198230266571,0.0108841387555003,0.292754977941513
0.2451881915330887,0.2229744493961334,0.228198230266571,0.0108841387555003,0.292754977941513
0.2451881915330887,0.2229744493961334,0.228198230266571,0.0108841387555003,0.292754977941513
0.2451881915330887,0.2229744493961334,0.228198230266571,0.0108841387555003,0.292754977941513
0.2451881915330887,0.2229744493961334,0.228198230266571,0.0108841387555003,0.292754977941513
0.2451881915330887,0.2229744493961334,0.228198230266571,0.0108841387555003,0.292754977941513
0.2451881915330887,0.2229744493961334,0.228198230266571,0.0108841387555003,0.292754977941513
0.2451881915330887,0.2229744493961334,0.228198230266571,0.0108841387555003,0.292754977941513
0.2451881915330887,0.2229744493961334,0.228198230266571,0.0108841387555003,0.292754977941513
0.2451881915330887,0.2229744493961334,0.228198230266571,0.0108841387555003,0.292754977941513
0.2451881915330887,0.2229744493961334,0.228198230266571,0.0108841387555003,0.292754977941513
0.2451881915330887,0.2229744493961334,0.228198230266571,0.0108841387555003,0.292754977941513
0.2451881915330887,0.2229744493961334,0.228198230266571,0.0108841387555003,0.292754977941513
0.2451881915330887,0.2229744493961334,0.228198230266571,0.0108841387555003,0.292754977941513
0.2451881915330887,0.2229744493961334,0.228198230266571,0.0108841387555003,0.292754977941513
0.2451881915330887,0.2229744493961334,0.228198230266571,0.0108841387555003,0.292754977941513
0.2451881915330887,0.2229744493961334,0.228198230266571,0.0108841387555003,0.292754977941513
0.2451881617307663,0.2229744493961334,0.228198230266571,0.0108841387555003,0.292754977941513
0.0445510745048522,0.0236797574907541,0.0801296457648277,0.4980302751064301,0.3536092042922973
0.2384287863969803,0.2316708862781525,0.2211544513702392,0.0088545298203825,0.299891322851181
0.2451882064342499,0.2229744344949722,0.2281982153654098,0.0108841387555003,0.292754977941513
0.2452542334794998,0.2228835821151733,0.2282601296901703,0.010899499990046,0.2927025258541107
0.3291245698928833,0.0307422578334808,0.3217907845973968,0.3018424212932587,0.0164998956024646
0.2451827079057693,0.2229821383953094,0.2281933277845383,0.0108829205855727,0.2927589118480682
0.3628151118755341,0.0198727659881114,0.3443338572978973,0.2583957612514496,0.0145825892686843
0.0445510745048522,0.0236797574907541,0.0801296457648277,0.4980302751064301,0.3536092042922973
0.0445510745048522,0.0236797574907541,0.0801296457648277,0.4980302751064301,0.3536092042922973
0.0445510745048522,0.0236797574907541,0.0801296457648277,0.4980302751064301,0.3536092042922973
0.0445510745048522,0.0236797574907541,0.0801296457648277,0.4980302751064301,0.3536092042922973
0.0445510745048522,0.0236797574907541,0.0801296457648277,0.4980302751064301,0.3536092042922973
0.2451882064342499,0.2229744344949722,0.2281982153654098,0.0108841387555003,0.292754977941513
0.2451882064342499,0.2229744344949722,0.2281982153654098,0.0108841387555003,0.292754977941513
0.0445510745048522,0.0236797574907541,0.0801296457648277,0.4980302751064301,0.3536092042922973
0.0445510745048522,0.0236797574907541,0.0801296457648277,0.4980302751064301,0.3536092042922973
0.0445510745048522,0.0236797574907541,0.0801296457648277,0.4980302751064301,0.3536092042922973
0.0445510745048522,0.0236797574907541,0.0801296457648277,0.4980302751064301,0.3536092042922973
0.2451882064342499,0.2229744344949722,0.2281982153654098,0.0108841387555003,0.292754977941513
0.2451882064342499,0.2229744344949722,0.2281982153654098,0.0108841387555003,0.292754977941513
0.2451882064342499,0.2229744344949722,0.2281982153654098,0.0108841387555003,0.292754977941513
0.2451882064342499,0.2229744344949722,0.2281982153654098,0.0108841387555003,0.292754977941513
0.2451882064342499,0.2229744344949722,0.2281982153654098,0.0108841387555003,0.292754977941513
0.2451882064342499,0.2229744344949722,0.2281982153654098,0.0108841387555003,0.292754977941513
0.2451882064342499,0.2229744344949722,0.2281982153654098,0.0108841387555003,0.292754977941513
0.2451882064342499,0.2229744344949722,0.2281982153654098,0.0108841387555003,0.292754977941513
0.2451882064342499,0.2229744344949722,0.2281982153654098,0.0108841387555003,0.292754977941513
0.2451882064342499,0.2229744344949722,0.2281982153654098,0.0108841387555003,0.292754977941513
0.2451882064342499,0.2229744344949722,0.2281982153654098,0.0108841387555003,0.292754977941513
0.2451882064342499,0.2229744344949722,0.2281982153654098,0.0108841387555003,0.292754977941513
0.2451882064342499,0.2229744344949722,0.2281982153654098,0.0108841387555003,0.292754977941513
0.2451882064342499,0.2229744344949722,0.2281982153654098,0.0108841387555003,0.292754977941513
0.2451882064342499,0.2229744344949722,0.2281982153654098,0.0108841387555003,0.292754977941513
0.2451882064342499,0.2229744344949722,0.2281982153654098,0.0108841387555003,0.292754977941513
0.2451882064342499,0.2229744344949722,0.2281982153654098,0.0108841387555003,0.292754977941513
0.2451882064342499,0.2229744344949722,0.2281982153654098,0.0108841387555003,0.292754977941513
0.2451882064342499,0.2229744344949722,0.2281982153654098,0.0108841387555003,0.292754977941513
0.2451882064342499,0.2229744344949722,0.2281982153654098,0.0108841387555003,0.292754977941513
0.2451882064342499,0.2229744344949722,0.2281982153654098,0.0108841387555003,0.292754977941513
0.2451882064342499,0.2229744344949722,0.2281982153654098,0.0108841387555003,0.292754977941513
0.2451882064342499,0.2229744344949722,0.2281982153654098,0.0108841387555003,0.292754977941513
0.2451882064342499,0.2229744344949722,0.2281982153654098,0.0108841387555003,0.292754977941513
0.2451882064342499,0.2229744344949722,0.2281982153654098,0.0108841387555003,0.292754977941513
0.2451882064342499,0.2229744344949722,0.2281982153654098,0.0108841387555003,0.292754977941513
0.2451882064342499,0.2229744344949722,0.2281982153654098,0.0108841387555003,0.292754977941513
0.2451882064342499,0.2229744344949722,0.2281982153654098,0.0108841387555003,0.292754977941513
0.2451882064342499,0.2229744344949722,0.2281982153654098,0.0108841387555003,0.292754977941513
0.2451882064342499,0.2229744344949722,0.2281982153654098,0.0108841387555003,0.292754977941513
0.2451882064342499,0.2229744344949722,0.2281982153654098,0.0108841387555003,0.292754977941513
0.2451882064342499,0.2229744344949722,0.2281982153654098,0.0108841387555003,0.292754977941513
0.2451882064342499,0.2229744344949722,0.2281982153654098,0.0108841387555003,0.292754977941513
0.2451882064342499,0.2229744344949722,0.2281982153654098,0.0108841387555003,0.292754977941513
0.2451882064342499,0.2229744344949722,0.2281982153654098,0.0108841387555003,0.292754977941513
0.2451882064342499,0.2229744344949722,0.2281982153654098,0.0108841387555003,0.292754977941513
0.2451882064342499,0.2229744344949722,0.2281982153654098,0.0108841387555003,0.292754977941513
0.2451882064342499,0.2229744344949722,0.2281982153654098,0.0108841387555003,0.292754977941513
0.2451882064342499,0.2229744344949722,0.2281982153654098,0.0108841387555003,0.292754977941513
0.2451882064342499,0.2229744344949722,0.2281982153654098,0.0108841387555003,0.292754977941513
0.2451882064342499,0.2229744344949722,0.2281982153654098,0.0108841387555003,0.292754977941513
0.2451882064342499,0.2229744344949722,0.2281982153654098,0.0108841387555003,0.292754977941513
0.2451882064342499,0.2229744344949722,0.2281982153654098,0.0108841387555003,0.292754977941513
0.2451882064342499,0.2229744344949722,0.2281982153654098,0.0108841387555003,0.292754977941513
0.2451882064342499,0.2229744344949722,0.2281982153654098,0.0108841387555003,0.292754977941513
0.2451882064342499,0.2229744344949722,0.2281982153654098,0.0108841387555003,0.292754977941513
0.2451882064342499,0.2229744344949722,0.2281982153654098,0.0108841387555003,0.292754977941513
0.2451882064342499,0.2229744344949722,0.2281982153654098,0.0108841387555003,0.292754977941513
0.2451882064342499,0.2229744344949722,0.2281982153654098,0.0108841387555003,0.292754977941513
0.2451882064342499,0.2229744344949722,0.2281982153654098,0.0108841387555003,0.292754977941513
0.2451882064342499,0.2229744344949722,0.2281982153654098,0.0108841387555003,0.292754977941513
0.2451882064342499,0.2229744344949722,0.2281982153654098,0.0108841387555003,0.292754977941513
0.2451882064342499,0.2229744344949722,0.2281982153654098,0.0108841387555003,0.292754977941513
0.2451882064342499,0.2229744344949722,0.2281982153654098,0.0108841387555003,0.292754977941513
0.2451882064342499,0.2229744344949722,0.2281982153654098,0.0108841387555003,0.292754977941513
0.2451882064342499,0.2229744344949722,0.2281982153654098,0.0108841387555003,0.292754977941513
0.2451882064342499,0.2229744344949722,0.2281982153654098,0.0108841387555003,0.292754977941513
0.2451882064342499,0.2229744344949722,0.2281982153654098,0.0108841387555003,0.292754977941513
0.2451882064342499,0.2229744344949722,0.2281982153654098,0.0108841387555003,0.292754977941513
0.2451882064342499,0.2229744344949722,0.2281982153654098,0.0108841387555003,0.292754977941513
0.2451882064342499,0.2229744344949722,0.2281982153654098,0.0108841387555003,0.292754977941513
0.2451882064342499,0.2229744344949722,0.2281982153654098,0.0108841387555003,0.292754977941513
0.2451882064342499,0.2229744344949722,0.2281982153654098,0.0108841387555003,0.292754977941513
0.2451882064342499,0.2229744344949722,0.2281982153654098,0.0108841387555003,0.292754977941513
0.2451882064342499,0.2229744344949722,0.2281982153654098,0.0108841387555003,0.292754977941513
0.2451882064342499,0.2229744344949722,0.2281982153654098,0.0108841387555003,0.292754977941513
0.2451882064342499,0.2229744344949722,0.2281982153654098,0.0108841387555003,0.292754977941513
0.083028957247734,0.2630018591880798,0.1115247085690498,0.2848519682884216,0.2575925290584564
0.0733088701963424,0.2784692049026489,0.1043730601668357,0.2865116894245148,0.2573371827602386
0.0733088701963424,0.2784692049026489,0.1043730601668357,0.2865116894245148,0.2573371827602386
0.0733088701963424,0.2784692049026489,0.1043730601668357,0.2865116894245148,0.2573371827602386
0.0733088701963424,0.2784692049026489,0.1043730601668357,0.2865116894245148,0.2573371827602386
0.2453225255012512,0.2231529206037521,0.2285771816968917,0.0109784407541155,0.2919689416885376
0.2453225255012512,0.2231529206037521,0.2285771816968917,0.0109784407541155,0.2919689416885376
0.2453225255012512,0.2231529206037521,0.2285771816968917,0.0109784407541155,0.2919689416885376
0.2449952661991119,0.2232170403003692,0.2280288189649582,0.0108505645766854,0.292908251285553
0.2449952661991119,0.2232170403003692,0.2280288189649582,0.0108505645766854,0.292908251285553
0.2451882064342499,0.2229744344949722,0.2281982153654098,0.0108841387555003,0.292754977941513
0.2451882064342499,0.2229744344949722,0.2281982153654098,0.0108841387555003,0.292754977941513
0.2451882064342499,0.2229744344949722,0.2281982153654098,0.0108841387555003,0.292754977941513
0.2451882064342499,0.2229744344949722,0.2281982153654098,0.0108841387555003,0.292754977941513
0.1588100492954254,0.1799110770225525,0.1800747811794281,0.4080700576305389,0.0731340497732162
0.1588100492954254,0.1799110770225525,0.1800747811794281,0.4080700576305389,0.0731340497732162
0.1588100492954254,0.1799110770225525,0.1800747811794281,0.4080700576305389,0.0731340497732162
0.1588100492954254,0.1799110770225525,0.1800747811794281,0.4080700576305389,0.0731340497732162
0.1588100492954254,0.1799110770225525,0.1800747811794281,0.4080700576305389,0.0731340497732162
0.1588100492954254,0.1799110770225525,0.1800747811794281,0.4080700576305389,0.0731340497732162
0.1588100492954254,0.1799110770225525,0.1800747811794281,0.4080700576305389,0.0731340497732162
0.1588100492954254,0.1799110770225525,0.1800747811794281,0.4080700576305389,0.0731340497732162
0.1588100492954254,0.1799110770225525,0.1800747811794281,0.4080700576305389,0.0731340497732162
0.1320278495550155,0.0237207468599081,0.1524262130260467,0.3240199387073517,0.3678053319454193
0.1320278495550155,0.0237207468599081,0.1524262130260467,0.3240199387073517,0.3678053319454193
0.2226210385560989,0.082861341536045,0.2335896641016006,0.4412801563739777,0.0196477379649877
0.2226210385560989,0.082861341536045,0.2335896641016006,0.4412801563739777,0.0196477379649877
0.217283546924591,0.0771868154406547,0.2320666164159775,0.4528437852859497,0.0206192173063755
0.217283546924591,0.0771868154406547,0.2320666164159775,0.4528437852859497,0.0206192173063755
0.2909279465675354,0.3018627464771271,0.2157977819442749,0.1861079484224319,0.0053035551682114
0.2909279465675354,0.3018627464771271,0.2157977819442749,0.1861079484224319,0.0053035551682114
0.1821022480726242,0.1562461853027343,0.1497754454612732,0.3081181347370148,0.2037580460309982
0.1821022480726242,0.1562461853027343,0.1497754454612732,0.3081181347370148,0.2037580460309982
0.2476610541343689,0.2206771671772003,0.231057733297348,0.0126102045178413,0.2879939079284668
0.2476610541343689,0.2206771671772003,0.231057733297348,0.0126102045178413,0.2879939079284668
0.2447648197412491,0.2237109392881393,0.2280386835336685,0.0109522948041558,0.292533278465271
0.2447648197412491,0.2237109392881393,0.2280386835336685,0.0109522948041558,0.292533278465271
0.0835515558719635,0.0376218259334564,0.1137731298804283,0.4335751831531525,0.3314782679080963
0.0835515558719635,0.0376218259334564,0.1137731298804283,0.4335751831531525,0.3314782679080963
0.0835515558719635,0.0376218259334564,0.1137731298804283,0.4335751831531525,0.3314782679080963
0.0835515558719635,0.0376218259334564,0.1137731298804283,0.4335751831531525,0.3314782679080963
0.3102996647357941,0.181115373969078,0.296110063791275,0.0438228510320186,0.1686520278453827
0.3102996647357941,0.181115373969078,0.296110063791275,0.0438228510320186,0.1686520278453827
0.3102996647357941,0.181115373969078,0.296110063791275,0.0438228510320186,0.1686520278453827
0.3102996647357941,0.181115373969078,0.296110063791275,0.0438228510320186,0.1686520278453827
0.3102996647357941,0.181115373969078,0.296110063791275,0.0438228510320186,0.1686520278453827
0.3102996647357941,0.181115373969078,0.296110063791275,0.0438228510320186,0.1686520278453827
0.3102996647357941,0.181115373969078,0.296110063791275,0.0438228510320186,0.1686520278453827
0.3102996647357941,0.181115373969078,0.296110063791275,0.0438228510320186,0.1686520278453827
0.3102996647357941,0.181115373969078,0.296110063791275,0.0438228510320186,0.1686520278453827
0.3102996647357941,0.181115373969078,0.296110063791275,0.0438228510320186,0.1686520278453827
0.2451882064342499,0.2229744344949722,0.2281982153654098,0.0108841387555003,0.292754977941513
0.2451882064342499,0.2229744344949722,0.2281982153654098,0.0108841387555003,0.292754977941513
0.2451882064342499,0.2229744344949722,0.2281982153654098,0.0108841387555003,0.292754977941513
0.2451882064342499,0.2229744344949722,0.2281982153654098,0.0108841387555003,0.292754977941513
0.2451882064342499,0.2229744344949722,0.2281982153654098,0.0108841387555003,0.292754977941513
0.2451882064342499,0.2229744344949722,0.2281982153654098,0.0108841387555003,0.292754977941513
0.2451882064342499,0.2229744344949722,0.2281982153654098,0.0108841387555003,0.292754977941513
0.2451882064342499,0.2229744344949722,0.2281982153654098,0.0108841387555003,0.292754977941513
0.2451882064342499,0.2229744344949722,0.2281982153654098,0.0108841387555003,0.292754977941513
0.2451882064342499,0.2229744344949722,0.2281982153654098,0.0108841387555003,0.292754977941513
0.2451882064342499,0.2229744344949722,0.2281982153654098,0.0108841387555003,0.292754977941513
0.2451882064342499,0.2229744344949722,0.2281982153654098,0.0108841387555003,0.292754977941513
0.2451882064342499,0.2229744344949722,0.2281982153654098,0.0108841387555003,0.292754977941513
0.2451882064342499,0.2229744344949722,0.2281982153654098,0.0108841387555003,0.292754977941513
0.2451882064342499,0.2229744344949722,0.2281982153654098,0.0108841387555003,0.292754977941513
0.2451882064342499,0.2229744344949722,0.2281982153654098,0.0108841387555003,0.292754977941513
0.2451882064342499,0.2229744344949722,0.2281982153654098,0.0108841387555003,0.292754977941513
0.2451882064342499,0.2229744344949722,0.2281982153654098,0.0108841387555003,0.292754977941513
0.2451882064342499,0.2229744344949722,0.2281982153654098,0.0108841387555003,0.292754977941513
0.2451882064342499,0.2229744344949722,0.2281982153654098,0.0108841387555003,0.292754977941513
0.2451882064342499,0.2229744344949722,0.2281982153654098,0.0108841387555003,0.292754977941513
0.2451882064342499,0.2229744344949722,0.2281982153654098,0.0108841387555003,0.292754977941513
0.2451882064342499,0.2229744344949722,0.2281982153654098,0.0108841387555003,0.292754977941513
0.2451882064342499,0.2229744344949722,0.2281982153654098,0.0108841387555003,0.292754977941513
0.2451882064342499,0.2229744344949722,0.2281982153654098,0.0108841387555003,0.292754977941513
0.2451882064342499,0.2229744344949722,0.2281982153654098,0.0108841387555003,0.292754977941513
0.2451882064342499,0.2229744344949722,0.2281982153654098,0.0108841387555003,0.292754977941513
0.2451882064342499,0.2229744344949722,0.2281982153654098,0.0108841387555003,0.292754977941513
0.2451882064342499,0.2229744344949722,0.2281982153654098,0.0108841387555003,0.292754977941513
0.2451882064342499,0.2229744344949722,0.2281982153654098,0.0108841387555003,0.292754977941513
0.2451882064342499,0.2229744344949722,0.2281982153654098,0.0108841387555003,0.292754977941513
0.2451882064342499,0.2229744344949722,0.2281982153654098,0.0108841387555003,0.292754977941513
0.2451882064342499,0.2229744344949722,0.2281982153654098,0.0108841387555003,0.292754977941513
0.2451882064342499,0.2229744344949722,0.2281982153654098,0.0108841387555003,0.292754977941513
0.2451882064342499,0.2229744344949722,0.2281982153654098,0.0108841387555003,0.292754977941513
0.2451882064342499,0.2229744344949722,0.2281982153654098,0.0108841387555003,0.292754977941513
0.2451882064342499,0.2229744344949722,0.2281982153654098,0.0108841387555003,0.292754977941513
0.2451882064342499,0.2229744344949722,0.2281982153654098,0.0108841387555003,0.292754977941513
0.2451882064342499,0.2229744344949722,0.2281982153654098,0.0108841387555003,0.292754977941513
0.2451882064342499,0.2229744344949722,0.2281982153654098,0.0108841387555003,0.292754977941513
0.3102996647357941,0.181115373969078,0.296110063791275,0.0438228510320186,0.1686520278453827
0.3102996647357941,0.181115373969078,0.296110063791275,0.0438228510320186,0.1686520278453827
0.3102996647357941,0.181115373969078,0.296110063791275,0.0438228510320186,0.1686520278453827
0.3102996647357941,0.181115373969078,0.296110063791275,0.0438228510320186,0.1686520278453827
0.3102996647357941,0.181115373969078,0.296110063791275,0.0438228510320186,0.1686520278453827
0.3102996647357941,0.181115373969078,0.296110063791275,0.0438228510320186,0.1686520278453827
0.2452490925788879,0.2229149490594864,0.2282719016075134,0.0108960857614874,0.292667955160141
0.2451882064342499,0.2229744344949722,0.2281982153654098,0.0108841387555003,0.292754977941513
0.2451882064342498,0.2229744344949722,0.2281982153654098,0.0108841387555003,0.292754977941513
0.3006688058376312,0.3159657120704651,0.2502557337284088,0.1248652189970016,0.0082444911822676
0.3006688058376312,0.3159657120704651,0.2502557337284088,0.1248652189970016,0.0082444911822676
0.3006688058376312,0.3159657120704651,0.2502557337284088,0.1248652189970016,0.0082444911822676
0.2872606515884399,0.3362922966480255,0.2953892946243286,0.0632061064243316,0.0178516879677772
0.2872606515884399,0.3362922966480255,0.2953892946243286,0.0632061064243316,0.0178516879677772
0.2872606515884399,0.3362922966480255,0.2953892946243286,0.0632061064243316,0.0178516879677772
0.2456488311290741,0.2220730930566787,0.2287807017564773,0.0111409472301602,0.2923564314842224
0.300993263721466,0.3092895150184631,0.2400940209627151,0.1425826549530029,0.0070404736325144
0.2882322072982788,0.3383019566535949,0.2899272441864013,0.0672102943062782,0.0163282044231891
0.3006688058376312,0.3159657120704651,0.2502557337284088,0.1248652189970016,0.0082444911822676
0.2872606515884399,0.3362922966480255,0.2953892946243286,0.0632061064243316,0.0178516879677772
0.1938610672950744,0.2087865173816681,0.1468863487243652,0.2766229808330536,0.173843115568161
0.2882322072982788,0.3383019566535949,0.2899272441864013,0.0672102943062782,0.0163282044231891
0.2882322072982788,0.3383019566535949,0.2899272441864013,0.0672102943062782,0.0163282044231891
0.2882322072982788,0.3383019566535949,0.2899272441864013,0.0672102943062782,0.0163282044231891
0.2451881319284439,0.2229744642972946,0.2281982153654098,0.0108841294422745,0.292754977941513
0.2451881319284439,0.2229744642972946,0.2281982153654098,0.0108841294422745,0.292754977941513
0.2451881319284439,0.2229744642972946,0.2281982153654098,0.0108841294422745,0.292754977941513
0.2451881319284439,0.2229744642972946,0.2281982153654098,0.0108841294422745,0.292754977941513
0.2451881319284439,0.2229744642972946,0.2281982153654098,0.0108841294422745,0.292754977941513
0.2451881319284439,0.2229744642972946,0.2281982153654098,0.0108841294422745,0.292754977941513
0.2451881319284439,0.2229744642972946,0.2281982153654098,0.0108841294422745,0.292754977941513
0.2451881319284439,0.2229744642972946,0.2281982153654098,0.0108841294422745,0.292754977941513
0.2451881319284439,0.2229744642972946,0.2281982153654098,0.0108841294422745,0.292754977941513
0.2451881319284439,0.2229744642972946,0.2281982153654098,0.0108841294422745,0.292754977941513
0.2451881319284439,0.2229744642972946,0.2281982153654098,0.0108841294422745,0.292754977941513
0.2451881319284439,0.2229744642972946,0.2281982153654098,0.0108841294422745,0.292754977941513
0.2451881319284439,0.2229744642972946,0.2281982153654098,0.0108841294422745,0.292754977941513
0.2451881319284439,0.2229744642972946,0.2281982153654098,0.0108841294422745,0.292754977941513
0.33139854669570923,0.18259133398532867,0.31872013211250305,0.07599784433841705,0.09129218012094498
